1 0.00010728836059570312 0.00011038780212402344 0.00016021728515625
2 0.00014448165893554688 0.0001361370086669922 0.0001544952392578125
3 0.00015616416931152344 0.00010204315185546875 0.0001537799835205078
4 0.00017595291137695312 0.00011610984802246094 0.00011968612670898438
5 0.00021409988403320312 0.00011372566223144531 0.00014925003051757812
6 0.0001323223114013672 0.00011301040649414062 0.00012683868408203125
7 0.00014543533325195312 0.00011205673217773438 0.00013113021850585938
8 0.000164031982421875 0.00011348724365234375 0.00012993812561035156
9 0.00016641616821289062 0.00012135505676269531 0.00014209747314453125
10 0.00016355514526367188 0.00011754035949707031 0.0001327991485595703
11 0.00016641616821289062 0.00011777877807617188 0.00016832351684570312
12 0.0001361370086669922 0.00011348724365234375 0.00013685226440429688
