1 5.435943603515625e-05 0.00012493133544921875 0.00021886825561523438
2 6.198883056640625e-05 0.00021219253540039062 0.00022912025451660156
3 5.745887756347656e-05 0.0002052783966064453 0.00025844573974609375
4 6.175041198730469e-05 0.0002510547637939453 0.0002224445343017578
5 6.556510925292969e-05 0.0002613067626953125 0.000202178955078125
6 7.772445678710938e-05 0.00013637542724609375 0.00014138221740722656
7 7.271766662597656e-05 0.00014901161193847656 0.00016164779663085938
8 5.698204040527344e-05 0.0001347064971923828 0.0001423358917236328
9 8.487701416015625e-05 0.00012874603271484375 0.00013875961303710938
10 7.152557373046875e-05 0.0001399517059326172 0.00018334388732910156
11 6.4849853515625e-05 0.00013709068298339844 0.00013828277587890625
12 6.008148193359375e-05 0.00014281272888183594 0.00014066696166992188
