1 0.00010561943054199219 0.00012540817260742188 0.00014972686767578125
2 0.00015735626220703125 0.00015664100646972656 0.0002238750457763672
3 0.00016427040100097656 0.00020837783813476562 0.0002410411834716797
4 0.00021409988403320312 0.0002548694610595703 0.0002932548522949219
5 0.00016951560974121094 0.0002772808074951172 0.00035881996154785156
6 0.00014400482177734375 0.0001246929168701172 0.00027561187744140625
7 0.00011324882507324219 0.00011610984802246094 0.00021028518676757812
8 0.00011563301086425781 0.00014472007751464844 0.000194549560546875
9 9.703636169433594e-05 0.00011086463928222656 0.00019121170043945312
10 9.632110595703125e-05 0.0001354217529296875 0.00019884109497070312
11 0.00012373924255371094 0.00012254714965820312 0.00030159950256347656
12 0.00014209747314453125 0.00017905235290527344 0.0003399848937988281
