1 0.00013685226440429688 0.0002357959747314453 0.0004038810729980469
2 0.0002319812774658203 0.00026488304138183594 0.0005400180816650391
3 0.00027251243591308594 0.0002963542938232422 0.0006437301635742188
4 0.0003330707550048828 0.0004305839538574219 0.0008437633514404297
5 0.0004062652587890625 0.00046753883361816406 0.0008158683776855469
6 0.0002410411834716797 0.00026488304138183594 0.00025916099548339844
7 0.00022077560424804688 0.0002636909484863281 0.0002655982971191406
8 0.0002865791320800781 0.0002338886260986328 0.0003197193145751953
9 0.00025725364685058594 0.0002448558807373047 0.00023055076599121094
10 0.00021195411682128906 0.00023508071899414062 0.00024271011352539062
11 0.00022602081298828125 0.00027251243591308594 0.0002396106719970703
12 0.0002384185791015625 0.0002319812774658203 0.0002741813659667969
