1 0.00018739700317382812 0.0003151893615722656 0.0005035400390625
2 0.00025653839111328125 0.00036072731018066406 0.0006196498870849609
3 0.00030875205993652344 0.0006189346313476562 0.0008215904235839844
4 0.0003414154052734375 0.0008029937744140625 0.0008502006530761719
5 0.00041794776916503906 0.0008218288421630859 0.00115966796875
6 0.0003161430358886719 0.00029540061950683594 0.0003864765167236328
7 0.00023818016052246094 0.00027561187744140625 0.00037026405334472656
8 0.0002562999725341797 0.0002651214599609375 0.00041174888610839844
9 0.0002453327178955078 0.0002906322479248047 0.0004334449768066406
10 0.00031304359436035156 0.0002675056457519531 0.0003566741943359375
11 0.0002205371856689453 0.0003151893615722656 0.0003743171691894531
12 0.0002429485321044922 0.00026416778564453125 0.0004050731658935547
