1 7.867813110351562e-05 0.0001628398895263672 0.0002262592315673828
2 9.942054748535156e-05 0.00023174285888671875 0.0003025531768798828
3 0.0001742839813232422 0.00030303001403808594 0.0003497600555419922
4 0.0002205371856689453 0.0003311634063720703 0.00038242340087890625
5 0.0002257823944091797 0.00038933753967285156 0.00041794776916503906
6 6.866455078125e-05 0.00022745132446289062 0.00015664100646972656
7 8.153915405273438e-05 0.00018525123596191406 0.00014209747314453125
8 9.417533874511719e-05 0.00018143653869628906 0.00014710426330566406
9 6.937980651855469e-05 0.00016021728515625 0.0001609325408935547
10 7.104873657226562e-05 0.0001647472381591797 0.0001404285430908203
11 7.772445678710938e-05 0.00015473365783691406 0.00013589859008789062
12 6.961822509765625e-05 0.00015091896057128906 0.00015115737915039062
