1 9.036064147949219e-05 0.0003452301025390625 0.00029087066650390625
2 0.00011920928955078125 0.0003745555877685547 0.0004451274871826172
3 0.00012564659118652344 0.0004837512969970703 0.0005784034729003906
4 0.00012803077697753906 0.0006465911865234375 0.0006868839263916016
5 0.00013017654418945312 0.0007932186126708984 0.0006763935089111328
6 0.00012803077697753906 0.0001926422119140625 0.00021219253540039062
7 0.00013375282287597656 0.00022411346435546875 0.00025272369384765625
8 0.00012803077697753906 0.00021195411682128906 0.0002548694610595703
9 0.00010132789611816406 0.00019741058349609375 0.00021314620971679688
10 9.393692016601562e-05 0.0002181529998779297 0.00024771690368652344
11 0.00010800361633300781 0.00017213821411132812 0.00021696090698242188
12 9.34600830078125e-05 0.00018739700317382812 0.0002105236053466797
