1 5.817413330078125e-05 7.462501525878906e-05 9.34600830078125e-05
2 0.00010037422180175781 8.392333984375e-05 8.368492126464844e-05
3 7.748603820800781e-05 7.843971252441406e-05 7.915496826171875e-05
4 8.702278137207031e-05 6.985664367675781e-05 8.177757263183594e-05
5 0.00010514259338378906 8.344650268554688e-05 8.630752563476562e-05
6 0.00011372566223144531 8.559226989746094e-05 9.751319885253906e-05
7 0.00011086463928222656 8.559226989746094e-05 8.153915405273438e-05
8 8.845329284667969e-05 7.796287536621094e-05 8.368492126464844e-05
9 8.749961853027344e-05 8.153915405273438e-05 8.249282836914062e-05
10 0.00010776519775390625 8.082389831542969e-05 9.822845458984375e-05
11 0.00010824203491210938 0.0001342296600341797 9.250640869140625e-05
12 8.416175842285156e-05 8.0108642578125e-05 0.00010395050048828125
