1 0.00019884109497070312 0.0002040863037109375 0.00040435791015625
2 0.00023126602172851562 0.00029754638671875 0.0004971027374267578
3 0.0003018379211425781 0.00048089027404785156 0.0007245540618896484
4 0.00030541419982910156 0.0006043910980224609 0.0006415843963623047
5 0.00043487548828125 0.0007836818695068359 0.0007379055023193359
6 0.0002384185791015625 0.0003159046173095703 0.0004570484161376953
7 0.00022125244140625 0.0003185272216796875 0.0006365776062011719
8 0.00023674964904785156 0.0003733634948730469 0.000537872314453125
9 0.0002110004425048828 0.00035691261291503906 0.0005133152008056641
10 0.0002372264862060547 0.0003261566162109375 0.000568389892578125
11 0.00019216537475585938 0.00042629241943359375 0.0005850791931152344
12 0.0001785755157470703 0.0004112720489501953 0.0005087852478027344
