1 0.0002295970916748047 0.00025534629821777344 0.0004825592041015625
2 0.00034499168395996094 0.0003139972686767578 0.0007762908935546875
3 0.00028705596923828125 0.0005350112915039062 0.0006842613220214844
4 0.00043654441833496094 0.0006473064422607422 0.0006806850433349609
5 0.0003554821014404297 0.0007128715515136719 0.0005946159362792969
6 0.00031304359436035156 0.00028634071350097656 0.0002949237823486328
7 0.0002651214599609375 0.00027060508728027344 0.0002751350402832031
8 0.0002541542053222656 0.0002663135528564453 0.0003209114074707031
9 0.00029087066650390625 0.00028777122497558594 0.00026607513427734375
10 0.0003211498260498047 0.0002765655517578125 0.0002684593200683594
11 0.0003161430358886719 0.0002646446228027344 0.00029349327087402344
12 0.0003135204315185547 0.0002894401550292969 0.00025653839111328125
