1 0.00016427040100097656 0.00019741058349609375 0.00031828880310058594
2 0.0001766681671142578 0.00017070770263671875 0.00030422210693359375
3 0.0001957416534423828 0.00025153160095214844 0.0003674030303955078
4 0.0003108978271484375 0.000362396240234375 0.0004911422729492188
5 0.0003542900085449219 0.0003046989440917969 0.00044918060302734375
6 9.822845458984375e-05 0.0001366138458251953 0.00017690658569335938
7 0.0001049041748046875 0.0001590251922607422 0.00019431114196777344
8 0.00010561943054199219 0.00022339820861816406 0.000209808349609375
9 0.00010585784912109375 0.00016951560974121094 0.00019311904907226562
10 0.0001404285430908203 0.00022721290588378906 0.00017118453979492188
11 0.00012946128845214844 0.0001494884490966797 0.0001919269561767578
12 0.00013494491577148438 0.00017142295837402344 0.00020265579223632812
