1 0.00027561187744140625 0.00034046173095703125 0.0005450248718261719
2 0.0003020763397216797 0.00046181678771972656 0.000667572021484375
3 0.0003886222839355469 0.00067138671875 0.0007901191711425781
4 0.0005486011505126953 0.0008692741394042969 0.0009400844573974609
5 0.0005145072937011719 0.0007915496826171875 0.0011777877807617188
6 0.0001380443572998047 0.0008287429809570312 0.0004458427429199219
7 0.0001304149627685547 0.0003001689910888672 0.00042057037353515625
8 0.0001499652862548828 0.00035190582275390625 0.00048160552978515625
9 0.0001595020294189453 0.0002684593200683594 0.0007650852203369141
10 0.0001819133758544922 0.00031566619873046875 0.0005307197570800781
11 0.00015592575073242188 0.0002911090850830078 0.00057220458984375
12 0.00018215179443359375 0.0003571510314941406 0.0004825592041015625
