1 0.00016045570373535156 0.00018358230590820312 0.000499725341796875
2 0.00040030479431152344 0.00022482872009277344 0.0005490779876708984
3 0.0002906322479248047 0.00018453598022460938 0.0009379386901855469
4 0.00030875205993652344 0.00018358230590820312 0.0007681846618652344
5 0.0003273487091064453 0.00027632713317871094 0.0009789466857910156
6 0.0001895427703857422 0.00023818016052246094 0.0004558563232421875
7 0.000133514404296875 0.00019073486328125 0.00048160552978515625
8 0.0001480579376220703 0.00020122528076171875 0.0004398822784423828
9 0.00018334388732910156 0.00019979476928710938 0.0004062652587890625
10 0.00023126602172851562 0.00020956993103027344 0.00042700767517089844
11 0.00018143653869628906 0.00022864341735839844 0.00041556358337402344
12 0.00013518333435058594 0.0002167224884033203 0.0004146099090576172
