1 0.00013875961303710938 0.00017762184143066406 0.00019860267639160156
2 0.00012755393981933594 0.00019097328186035156 0.00024271011352539062
3 0.00014901161193847656 0.000274658203125 0.0002899169921875
4 0.00020837783813476562 0.0003058910369873047 0.0003962516784667969
5 0.0002658367156982422 0.0003018379211425781 0.0004391670227050781
6 0.00010538101196289062 0.0001780986785888672 0.00039768218994140625
7 8.869171142578125e-05 0.00016427040100097656 0.0002911090850830078
8 0.00012421607971191406 0.00015211105346679688 0.0002560615539550781
9 0.00011610984802246094 0.0001671314239501953 0.00021719932556152344
10 9.131431579589844e-05 0.00017690658569335938 0.00021719932556152344
11 9.5367431640625e-05 0.00017595291137695312 0.0002880096435546875
12 0.00011730194091796875 0.00016951560974121094 0.00021529197692871094
