1 7.200241088867188e-05 0.0001461505889892578 0.0002956390380859375
2 8.320808410644531e-05 0.0002105236053466797 0.0005428791046142578
3 9.369850158691406e-05 0.00040435791015625 0.0005609989166259766
4 9.5367431640625e-05 0.0003955364227294922 0.0008175373077392578
5 8.511543273925781e-05 0.0004246234893798828 0.0006749629974365234
6 8.535385131835938e-05 0.000133514404296875 0.0002892017364501953
7 7.390975952148438e-05 0.00017404556274414062 0.00034499168395996094
8 8.177757263183594e-05 0.0001373291015625 0.0002758502960205078
9 9.822845458984375e-05 0.000179290771484375 0.0003056526184082031
10 7.43865966796875e-05 0.00014162063598632812 0.0002849102020263672
11 6.985664367675781e-05 0.00013709068298339844 0.00032901763916015625
12 9.655952453613281e-05 0.00018548965454101562 0.0002987384796142578
