1 0.00010585784912109375 0.0002505779266357422 0.0003859996795654297
2 9.202957153320312e-05 0.0002384185791015625 0.000301361083984375
3 8.058547973632812e-05 0.00020456314086914062 0.000499725341796875
4 0.00010251998901367188 0.00022292137145996094 0.0005083084106445312
5 8.893013000488281e-05 0.00022101402282714844 0.0004780292510986328
6 0.00010704994201660156 0.00022935867309570312 0.00018978118896484375
7 0.00010251998901367188 0.00020885467529296875 0.00018477439880371094
8 0.00011086463928222656 0.00021409988403320312 0.0002529621124267578
9 8.654594421386719e-05 0.00026345252990722656 0.0001926422119140625
10 7.939338684082031e-05 0.0002086162567138672 0.00023221969604492188
11 8.392333984375e-05 0.00022649765014648438 0.00018930435180664062
12 8.130073547363281e-05 0.0002608299255371094 0.00021338462829589844
