1 0.0001366138458251953 0.00022029876708984375 0.0002396106719970703
2 0.00019168853759765625 0.00016307830810546875 0.0002703666687011719
3 0.000164031982421875 0.00016069412231445312 0.0002346038818359375
4 0.0004169940948486328 0.0001628398895263672 0.00033545494079589844
5 0.00036978721618652344 0.00016736984252929688 0.0002548694610595703
6 0.0004210472106933594 0.00016570091247558594 0.00030994415283203125
7 0.0004138946533203125 0.00016927719116210938 0.0003178119659423828
8 0.00038743019104003906 0.00015497207641601562 0.00041675567626953125
9 0.00047850608825683594 0.00017881393432617188 0.00042510032653808594
10 0.0005600452423095703 0.00019121170043945312 0.000453948974609375
11 0.0007188320159912109 0.0001800060272216797 0.00048422813415527344
12 0.0007073879241943359 0.00016498565673828125 0.0006864070892333984
13 0.0007314682006835938 0.00021147727966308594 0.0006213188171386719
14 0.0009074211120605469 0.000171661376953125 0.0007708072662353516
