1 0.0001590251922607422 0.00025177001953125 0.00033020973205566406
2 0.00015020370483398438 0.0002853870391845703 0.0003693103790283203
3 0.00011467933654785156 0.0003294944763183594 0.00040340423583984375
4 0.00016164779663085938 0.0004127025604248047 0.00042247772216796875
5 0.00020623207092285156 0.00036525726318359375 0.0003902912139892578
6 0.00023293495178222656 0.00048422813415527344 0.00042510032653808594
7 0.00020933151245117188 0.0003662109375 0.00042891502380371094
8 0.00030803680419921875 0.0003724098205566406 0.0005424022674560547
9 0.0003483295440673828 0.0003685951232910156 0.0004432201385498047
10 0.0004112720489501953 0.0004296302795410156 0.0005176067352294922
11 0.0003337860107421875 0.00047898292541503906 0.00042557716369628906
12 0.0003018379211425781 0.00037860870361328125 0.0004973411560058594
13 0.0007860660552978516 0.0004696846008300781 0.00039315223693847656
14 0.0003457069396972656 0.0004780292510986328 0.00044155120849609375
