1 9.250640869140625e-05 0.0001163482666015625 0.00020885467529296875
2 6.723403930664062e-05 0.0001518726348876953 0.0003044605255126953
3 0.00015997886657714844 0.0001704692840576172 0.0003409385681152344
4 0.00014066696166992188 0.00022792816162109375 0.0005140304565429688
5 0.00015616416931152344 0.0004985332489013672 0.0008065700531005859
6 0.00013971328735351562 0.001138448715209961 0.0012636184692382812
7 0.00018858909606933594 0.0019345283508300781 0.0008404254913330078
8 0.00014734268188476562 0.00240325927734375 0.0017101764678955078
9 0.00015163421630859375 0.0055332183837890625 0.00274658203125
10 0.00014638900756835938 0.007050275802612305 0.003209352493286133
11 0.00016927719116210938 0.023966073989868164 0.00491786003112793
12 0.0001678466796875 0.05367851257324219 0.0012583732604980469
13 0.00016427040100097656 0.12358212471008301 0.0017473697662353516
14 0.00016927719116210938 0.3361048698425293 0.009913444519042969
