1 7.295608520507812e-05 0.00011539459228515625 0.000179290771484375
2 7.915496826171875e-05 0.00010824203491210938 0.00022935867309570312
3 0.0001289844512939453 0.00010180473327636719 0.0005986690521240234
4 0.00013494491577148438 0.0001087188720703125 0.0008234977722167969
5 0.000118255615234375 0.00011038780212402344 0.0012943744659423828
6 0.000171661376953125 0.00011777877807617188 0.002408266067504883
7 0.00021648406982421875 0.00011730194091796875 0.0039904117584228516
8 0.00026226043701171875 0.0001361370086669922 0.006240129470825195
9 0.00024700164794921875 0.0001277923583984375 0.007650136947631836
10 0.00017380714416503906 0.00012350082397460938 0.01750040054321289
11 0.00016617774963378906 0.0001373291015625 0.02025437355041504
12 0.00020503997802734375 0.00021076202392578125 0.035785675048828125
13 0.0004508495330810547 0.0002117156982421875 0.053507328033447266
14 0.0004839897155761719 0.00023317337036132812 0.13222861289978027
