1 7.033348083496094e-05 0.00017642974853515625 0.00014472007751464844
2 0.00013518333435058594 0.00023317337036132812 0.00015044212341308594
3 0.00010752677917480469 0.00037932395935058594 0.00015234947204589844
4 0.0001049041748046875 0.0010273456573486328 0.00023651123046875
5 0.0001392364501953125 0.0016918182373046875 0.0003075599670410156
6 0.00010561943054199219 0.00021338462829589844 0.0005013942718505859
7 0.00012111663818359375 0.00025844573974609375 0.0009250640869140625
8 0.00010991096496582031 0.00022459030151367188 0.0002105236053466797
9 0.00011110305786132812 0.00025177001953125 0.00020837783813476562
10 0.00011682510375976562 0.00022840499877929688 0.00022482872009277344
11 0.00013017654418945312 0.0002741813659667969 0.00024437904357910156
12 0.0002067089080810547 0.0002510547637939453 0.00021338462829589844
13 0.00017905235290527344 0.0005075931549072266 0.00020813941955566406
14 0.00021386146545410156 0.0005257129669189453 0.0002446174621582031
