1 5.9604644775390625e-05 0.00011873245239257812 9.775161743164062e-05
2 9.5367431640625e-05 0.00015783309936523438 0.00010514259338378906
3 6.842613220214844e-05 0.00016236305236816406 0.00010013580322265625
4 7.081031799316406e-05 0.0002086162567138672 0.00011515617370605469
5 0.00013899803161621094 0.0001838207244873047 0.00025773048400878906
6 0.00017213821411132812 0.00021600723266601562 0.00045418739318847656
7 0.00023508071899414062 0.0002510547637939453 0.0006203651428222656
8 0.0001900196075439453 0.0002923011779785156 0.0006592273712158203
9 0.00022983551025390625 0.0002617835998535156 0.0011796951293945312
10 0.00042128562927246094 0.00025272369384765625 0.00046944618225097656
11 0.0006775856018066406 0.0002601146697998047 0.0004222393035888672
12 0.00032711029052734375 0.00028204917907714844 0.00037932395935058594
13 0.00026345252990722656 0.0002930164337158203 0.0005061626434326172
14 0.0003008842468261719 0.0003447532653808594 0.0005671977996826172
