1 0.0001430511474609375 0.00016617774963378906 0.0001652240753173828
2 0.00019073486328125 0.0001418590545654297 0.00016641616821289062
3 0.00021839141845703125 0.00016760826110839844 0.00016689300537109375
4 0.0002989768981933594 0.00013399124145507812 0.00018978118896484375
5 0.00036454200744628906 0.00017833709716796875 0.0004279613494873047
6 0.0004916191101074219 0.0003027915954589844 0.0005121231079101562
7 0.00072479248046875 0.0003566741943359375 0.0004839897155761719
8 0.0008280277252197266 0.0001976490020751953 0.0005230903625488281
9 0.0006630420684814453 0.00021457672119140625 0.00045680999755859375
10 0.0008080005645751953 0.000209808349609375 0.00044918060302734375
11 0.0007193088531494141 0.00020194053649902344 0.0005650520324707031
12 0.0007555484771728516 0.0002148151397705078 0.0004329681396484375
13 0.0006008148193359375 0.00021147727966308594 0.0005786418914794922
14 0.0006394386291503906 0.0001983642578125 0.0006062984466552734
