1 0.0001544952392578125 0.00017714500427246094 0.0003726482391357422
2 0.0001513957977294922 0.00019598007202148438 0.0003306865692138672
3 0.0001227855682373047 0.00037217140197753906 0.00039315223693847656
4 0.0001437664031982422 0.0003581047058105469 0.0003407001495361328
5 0.00025653839111328125 0.0003886222839355469 0.0003802776336669922
6 0.0002300739288330078 0.0005428791046142578 0.0005252361297607422
7 0.00025725364685058594 0.0013020038604736328 0.0005421638488769531
8 0.0002682209014892578 0.0014374256134033203 0.0006999969482421875
9 0.00024175643920898438 0.0011882781982421875 0.0008053779602050781
10 0.0003097057342529297 0.0017938613891601562 0.0008437633514404297
11 0.0003371238708496094 0.0033903121948242188 0.0009486675262451172
12 0.0003495216369628906 0.004948139190673828 0.0008866786956787109
13 0.00021791458129882812 0.00558924674987793 0.0008599758148193359
14 0.00026345252990722656 0.0019457340240478516 0.0009839534759521484
