1 0.00011682510375976562 0.00014495849609375 0.0001685619354248047
2 0.0001049041748046875 0.00015211105346679688 0.0002105236053466797
3 0.0001964569091796875 0.000194549560546875 0.00023555755615234375
4 0.000133514404296875 0.00020074844360351562 0.0002472400665283203
5 0.00013303756713867188 0.0003857612609863281 0.00020623207092285156
6 0.0001385211944580078 0.0004818439483642578 0.00020170211791992188
7 0.0001430511474609375 0.0005033016204833984 0.0002522468566894531
8 0.00012993812561035156 0.0008831024169921875 0.00022840499877929688
9 0.00012373924255371094 0.0012166500091552734 0.0002727508544921875
10 0.00013136863708496094 0.00321197509765625 0.0002079010009765625
11 0.0001323223114013672 0.0049190521240234375 0.00023317337036132812
12 0.00023818016052246094 0.007462739944458008 0.0002071857452392578
13 0.00023889541625976562 0.03493690490722656 0.0002665519714355469
14 0.0002231597900390625 0.06914830207824707 0.00022745132446289062
