1 8.225440979003906e-05 0.0001804828643798828 0.0001506805419921875
2 9.1552734375e-05 0.0001537799835205078 0.0001461505889892578
3 0.00010728836059570312 0.0001583099365234375 0.00015807151794433594
4 9.5367431640625e-05 0.00018143653869628906 0.00026297569274902344
5 0.00013136863708496094 0.00016379356384277344 0.00014853477478027344
6 9.322166442871094e-05 0.0002570152282714844 0.0001494884490966797
7 9.918212890625e-05 0.00016641616821289062 0.0001513957977294922
8 9.799003601074219e-05 0.00018215179443359375 0.00021457672119140625
9 0.00018072128295898438 0.0002541542053222656 0.0001544952392578125
10 9.560585021972656e-05 0.00018215179443359375 0.00017905235290527344
11 9.989738464355469e-05 0.00018405914306640625 0.00019311904907226562
12 0.00010013580322265625 0.00018596649169921875 0.00023674964904785156
13 0.00011992454528808594 0.00021195411682128906 0.00019931793212890625
14 0.00010156631469726562 0.000286102294921875 0.0001590251922607422
