1 0.0002090930938720703 0.00027489662170410156 0.00030112266540527344
2 0.00019097328186035156 0.00037932395935058594 0.00032067298889160156
3 0.0005097389221191406 0.0003509521484375 0.0005540847778320312
4 0.0002892017364501953 0.00032901763916015625 0.0007259845733642578
5 0.00032258033752441406 0.0003504753112792969 0.0008804798126220703
6 0.00041484832763671875 0.00035858154296875 0.0009207725524902344
7 0.0010671615600585938 0.00046825408935546875 0.0008175373077392578
8 0.0004260540008544922 0.0004968643188476562 0.0017108917236328125
9 0.0005817413330078125 0.00046253204345703125 0.0025522708892822266
10 0.00083160400390625 0.0004687309265136719 0.0030517578125
11 0.0009100437164306641 0.00041675567626953125 0.003963470458984375
12 0.0020978450775146484 0.0005407333374023438 0.018343687057495117
13 0.0053975582122802734 0.0006287097930908203 0.0033767223358154297
14 0.012560129165649414 0.0006260871887207031 0.0036580562591552734
