1 0.0001571178436279297 0.0002162456512451172 0.000217437744140625
2 0.0002243518829345703 0.00018739700317382812 0.0002777576446533203
3 0.0002963542938232422 0.00024199485778808594 0.0003180503845214844
4 0.0004000663757324219 0.0002930164337158203 0.0002987384796142578
5 0.0005998611450195312 0.0003046989440917969 0.00034618377685546875
6 0.0008220672607421875 0.0002942085266113281 0.0002949237823486328
7 0.0007808208465576172 0.0003018379211425781 0.0003218650817871094
8 0.0008146762847900391 0.0003650188446044922 0.0003349781036376953
9 0.0005395412445068359 0.0003573894500732422 0.0003209114074707031
10 0.0007956027984619141 0.00047087669372558594 0.0004222393035888672
11 0.0006554126739501953 0.0014121532440185547 0.00041937828063964844
12 0.0006415843963623047 0.0011730194091796875 0.00034618377685546875
13 0.00078582763671875 0.0013885498046875 0.0019936561584472656
14 0.0007836818695068359 0.0015635490417480469 0.0019435882568359375
