1 0.00012969970703125 0.00036072731018066406 0.0002541542053222656
2 0.00018596649169921875 0.0007696151733398438 0.0002677440643310547
3 0.00017380714416503906 0.0007812976837158203 0.0003552436828613281
4 0.00013947486877441406 0.0008158683776855469 0.00029540061950683594
5 0.0013508796691894531 0.0010688304901123047 0.00032401084899902344
6 0.0022666454315185547 0.0004928112030029297 0.0003108978271484375
7 0.0031311511993408203 0.0005044937133789062 0.00028252601623535156
8 0.004965543746948242 0.0004773139953613281 0.00028514862060546875
9 0.00773310661315918 0.0005602836608886719 0.0002892017364501953
10 0.014922142028808594 0.0004940032958984375 0.0003464221954345703
11 0.02939748764038086 0.0005202293395996094 0.00031113624572753906
12 0.035462379455566406 0.0009512901306152344 0.0003333091735839844
13 0.17049646377563477 0.0009303092956542969 0.00040721893310546875
14 0.2280874252319336 0.0009872913360595703 0.0003426074981689453
