1 0.00014972686767578125 0.0003654956817626953 0.0005824565887451172
2 0.00014019012451171875 0.00039124488830566406 0.0009403228759765625
3 0.00019884109497070312 0.000705718994140625 0.0013060569763183594
4 0.0002810955047607422 0.0006513595581054688 0.0016553401947021484
5 0.00033664703369140625 0.0008382797241210938 0.002751588821411133
6 0.00031828880310058594 0.0011687278747558594 0.0025103092193603516
7 0.0002522468566894531 0.0009160041809082031 0.0015115737915039062
8 0.0002818107604980469 0.0017023086547851562 0.0006389617919921875
9 0.0002758502960205078 0.0017435550689697266 0.0011544227600097656
10 0.00026988983154296875 0.002834320068359375 0.0010325908660888672
11 0.0002923011779785156 0.0008442401885986328 0.0009024143218994141
12 0.0002474784851074219 0.0007908344268798828 0.0010271072387695312
13 0.0002853870391845703 0.000850677490234375 0.0014538764953613281
14 0.0002491474151611328 0.0011799335479736328 0.0009527206420898438
