1 0.00012350082397460938 0.0002703666687011719 0.00021576881408691406
2 8.821487426757812e-05 0.00030422210693359375 0.0003323554992675781
3 9.202957153320312e-05 0.00039005279541015625 0.00029468536376953125
4 8.678436279296875e-05 0.00042748451232910156 0.0004076957702636719
5 0.00012946128845214844 0.001361846923828125 0.00035572052001953125
6 0.00010395050048828125 0.0008358955383300781 0.00027489662170410156
7 8.893013000488281e-05 0.0018808841705322266 0.0003325939178466797
8 0.00010704994201660156 0.002630472183227539 0.0002715587615966797
9 9.489059448242188e-05 0.008230924606323242 0.0003142356872558594
10 9.036064147949219e-05 0.01587200164794922 0.00027179718017578125
11 8.797645568847656e-05 0.033196210861206055 0.0003314018249511719
12 8.916854858398438e-05 0.09242510795593262 0.0003204345703125
13 8.988380432128906e-05 0.0025970935821533203 0.0002918243408203125
14 9.226799011230469e-05 0.0024781227111816406 0.0002903938293457031
