1 0.00010609626770019531 0.00011181831359863281 0.00016570091247558594
2 0.00017380714416503906 0.00013709068298339844 0.0001876354217529297
3 0.00016021728515625 0.0001571178436279297 0.00024199485778808594
4 0.00023937225341796875 0.00015854835510253906 0.00029349327087402344
5 0.00019121170043945312 0.0003323554992675781 0.00028133392333984375
6 0.00017881393432617188 0.0005130767822265625 0.0003261566162109375
7 0.00020885467529296875 0.0017518997192382812 0.0003151893615722656
8 0.00020837783813476562 0.00503849983215332 0.00031685829162597656
9 0.0002079010009765625 0.015526056289672852 0.0009396076202392578
10 0.00016760826110839844 0.03878450393676758 0.0011267662048339844
11 0.00014472007751464844 0.08992147445678711 0.0008878707885742188
12 0.0001125335693359375 0.18671059608459473 0.0009336471557617188
13 0.00011610984802246094 0.6675477027893066 0.0009341239929199219
14 0.00011539459228515625 1.977114200592041 0.001195669174194336
